TradeDate	Company	OpenPrice	HighPrice	LowPrice	ClosePrice	TradeVolume	DailyReturnPct	PriceRange	Volatility_7d	SMA7	SMA30	Vol_MA7	VolumeSpike
01-07-2025	INFOSYS	1609	1617.699951	1600.5	1606.800049	4178937		17.199951					FALSE
01-08-2025	INFOSYS	1493.900024	1498.699951	1465.5	1469.599976	8702978	-8.538714763	33.199951					FALSE
02-05-2025	INFOSYS	1478.89177	1502.06571	1475.440333	1485.991943	7402310	1.115403325	26.625377					FALSE
02-06-2025	INFOSYS	1560	1560	1539	1553.800049	4374509	4.563154351	21					FALSE
02-07-2025	INFOSYS	1618	1649	1603.400024	1610.5	8653641	3.649115022	45.599976					FALSE
03-06-2025	INFOSYS	1559	1567.300049	1535.599976	1543	6853403	-4.191244955	31.700073					FALSE
03-07-2025	INFOSYS	1618.5	1632.400024	1615	1618.699951	5259695	4.906024044	17.400024		1555.484567		6489353.286	FALSE
04-06-2025	INFOSYS	1543	1557.300049	1541.400024	1551.199951	4548307	-4.1700131	15.900025	0.052646816	1547.541696		6542120.429	FALSE
04-07-2025	INFOSYS	1625	1643.400024	1612.300049	1640.699951	4411273	5.769726845	31.099975	0.042491969	1571.984549		5929019.714	FALSE
04-08-2025	INFOSYS	1461.5	1482.800049	1451	1480.5	8610216	-9.764122374	31.800049	0.060787578	1571.199986		6101577.714	FALSE
05-05-2025	INFOSYS	1493.97956	1501.868561	1481.948881	1487.668335	4282493	0.484183384	19.91968	0.057681853	1561.752598		6088432.571	FALSE
05-06-2025	INFOSYS	1547.900024	1567.699951	1541.599976	1554.300049	6948539	4.478936093	26.099975	0.058745851	1553.724034		5844846.571	FALSE
05-08-2025	INFOSYS	1478.699951	1478.699951	1455	1460.300049	10213323	-6.047738341	23.699951	0.061136709	1541.909755		6324835.143	FALSE
06-05-2025	INFOSYS	1485.104388	1494.571165	1478.300101	1490.528076	4270530	2.069987399	16.271064	0.05770752	1523.599487		6183525.857	FALSE
06-06-2025	INFOSYS	1554.699951	1568.900024	1543.099976	1563.800049	3960020	4.915839841	25.800048	0.059641874	1525.399501		6099484.857	FALSE
06-08-2025	INFOSYS	1452	1456.099976	1430.300049	1436.699951	10566934	-8.127643817	25.799927	0.061397392	1496.256644		6978865	FALSE
07-05-2025	INFOSYS	1479.187672	1497.726872	1475.834823	1487.372559	5691799	3.527013971	21.892049	0.052213911	1497.238438		6561948.286	FALSE
07-07-2025	INFOSYS	1640	1644	1623	1627	3294523	9.387522995	21	0.062827286	1517.142962		6420809.714	FALSE
07-08-2025	INFOSYS	1430	1442	1414.199951	1436.900024	9892020	-11.68407966	27.800049	0.077791839	1500.37153		6841307	FALSE
08-05-2025	INFOSYS	1487.076716	1495.45878	1480.371017	1490.429565	8424409	3.725349023	15.087763	0.075651857	1504.675746		6585747.857	FALSE
08-07-2025	INFOSYS	1628	1646.199951	1621.5	1638.699951	4590681	9.948164575	24.699951	0.08372792	1525.843157		6631483.714	FALSE
08-08-2025	INFOSYS	1425	1433.199951	1417.099976	1423.099976	10048009	-13.15676948	16.099975	0.098596044	1505.743147		7501196.429	FALSE
09-05-2025	INFOSYS	1479.877963	1490.429575	1473.369561	1486.682251	4478653	4.467871272	17.060014	0.094645975	1512.883475		6631442	FALSE
09-06-2025	INFOSYS	1578	1588	1571	1572.900024	2903202	5.799340978	17	0.096080823	1525.101684		6233071	FALSE
09-07-2025	INFOSYS	1637.800049	1638	1623.599976	1633.699951	4580828	3.865466722	14.400024	0.090345853	1526.05882		6416828.857	FALSE
10-06-2025	INFOSYS	1584	1607.5	1577.5	1596	8591925	-2.307642292	30	0.075060656	1548.787388		6231101	FALSE
10-07-2025	INFOSYS	1638.900024	1638.900024	1607.099976	1615.800049	5330179	1.240604574	31.800048	0.074563929	1566.697457		5789068.143	FALSE
11-06-2025	INFOSYS	1590.099976	1634.599976	1590.099976	1631.099976	10597410	0.946894822	44.5	0.064458378	1565.611747		6647172.286	FALSE
11-07-2025	INFOSYS	1579.099976	1607.099976	1563	1594.900024	11391755	-2.219358257	44.099976	0.031977623	1590.154611		6839136	FALSE
11-08-2025	INFOSYS	1419.900024	1433.400024	1414	1428.199951	6625368	-10.45207038	19.400024	0.053089511	1581.799996	1540.562423	7145809.571	FALSE
12-05-2025	INFOSYS	1515.674352	1609.356241	1510.743726	1604.327026	11372857	12.33210202	98.612515	0.069197491	1586.289568	1540.479989	8355760.286	FALSE
12-06-2025	INFOSYS	1617	1628	1598.099976	1608.599976	10483574	0.26633909	29.900024	0.067586808	1582.703857	1545.113322	9199009.714	FALSE
12-08-2025	INFOSYS	1428.199951	1441	1421	1424.099976	9899184	-11.46960107	20	0.080395681	1558.146711	1543.050256	9385761	FALSE
13-05-2025	INFOSYS	1586.675294	1589.830846	1542.891315	1546.835815	12846210	8.618484732	46.939531	0.088740367	1548.294678	1542.818115	10459479.71	FALSE
